# id	left	top	right	bottom	texture_id
[SPRITES]
#Tall Red Flower  
101101	96	144	111	175	70
101102	112	144	127	175	70
101201	128	144	143	175	70
101202	144	144	159	175	70
101301	160	144	175	175	70
101302	176	144	191	175	70
 
# BOTTOM RIGHT
101401	544	144	559	175	80
101402	528	144	543	175	80

# TOP RIGHT
101501	512	144	527	175	80
101502	496	144	511	175	80


#Tall Green Flower
121101	0	144	15	175	70
121102	16	144	31	175	70
121201	32	144	47	175	70
121202	48	144	63	175	70
121301	64	144	79	175	70
121302	80	144	95	175	70

121401	624	144	639	175	80
121402	640	144	655	175	80

121501	592	144	607	175	80
121502	608	144	623	175	80
	
# ani_id	sprite1_id	time1	sprite2_id	time2	...
[ANIMATIONS]

#RED
#TOP
101000	101101	5000
101001	101101	200	101102	200
#BOTTOM LEFT
102000	101201	5000
102001	101201	200	101202	200
#TOP LEFT
103000	101301	5000
103001	101301	200	101302	200
#BOTTOM RIGHT 
104000	101401	5000
104001	101401	200	101402	200
#TOP RIGHT
105000	101501	5000
105001	101501	200	101502	200

GREEN
#TOP
121000	121101	5000
121001	121101	200	121102	200
#BOTTOM LEFT
122000	121201	5000
122001	121201	200	121202	200
#TOP LEFT
123000	121301	5000
123001	121301	200	121302	200
#BOTTOM RIGHT 
124000	121401	5000
124001	121401	200	121402	200
#TOP RIGHT
125000	121501	5000
125001	121501	200	121502	200