# id	left	top	right	bottom	texture_id
[SPRITES]
#RED KOOPA
#WALK TO LEFT
130000	96	51	111	76	70
130001	112	51	127	76	70
#WALK TO RIGHT
130100	576	51	591	76	80
130101	560	51	575	76	80

#SHELL
#UP 
130010	128	48	143	63	70
130011	144	48	159	63	70
130012	160	48	175	63	70
130013	176	48	191	63	70
130014	128	64	143	79	70
#DOWN
130020	128	826	143	841	110
130021	144	826	159	841	110
130022	160	826	175	841	110
130023	176	826	191	841	110
130024	128	810	143	825	110



#GREEN KOOPA
#WALK TO LEFT
131000	0	51	15	78	70
131001	16	51	31	78	70
#WALK TO RIGHT
131100	672	51	687	78	80
131101	656	51	671	78	80

#SHELL
131010	32	48	47	63	70
131011	48	48	63	63	70
131012	64	48	79	63	70
131013	80	48	96	63	70
131014	32	64	47	79	70

#DOWN
131020	32	826	47	841	110
131021	48	826	63	841	110
131022	64	826	79	841	110
131023	80	826	96	841	110
131024	32	810	47	825	110


# ani_id	sprite1_id	time1	sprite2_id	time2	...
[ANIMATIONS]
#RED KOOPA

130000	130000	200	130001	200
130100	130100	200	130101	200

#SHELL UP
130010	130010	200	130011	200	130012	200	130013	200
130011	130010	200	130014	200

#SHELL DOWN
130020	130020	200	130021	200	130022	200	130023	200
130021	130020	200	130024	200



#GREEN KOOPA
131000	131000	200	131001	200
131100	131100	200	131101	200

#SHELL UP
131010	131010	200	131011	200	131012	200	131013	200
131011	131010	200	131014	200

#SHELL DOWN
#SHELL DOWN
131020	131020	200	131021	200	131022	200	131023	200
131021	130020	200	131024	200