# list of object assets to load in this scene
[ASSETS]
mario.txt
brick.txt
land.txt
boxcolor.txt
background.txt
giftbox.txt
pipe.txt
specials.txt
flower.txt
goomba.txt
firebullet.txt
coin.txt
mushroom.txt
koopa.txt
winged_goomba.txt
leaf.txt
score.txt
winged_koopa.txt
flower_no_fire.txt
cloud.txt
score_board.txt
button.txt
endpoint.txt
#
[OBJECTS]
# type	x	y	extra_settings per object type
# type: 0 = Mario , 1 = Brick, 2 = Goomba, 3 = Koopas
# See OBJECT_TYPE constants in AssetIDs.h

# MARIO
0	30	120

#Portal 
#50	200	120	210	140	2

#0	2200	120

#Obj background start
19	79	120	128	64	200000
19	880	104	128	64	200002	
19	975	112	64	48	200001
19	1919	128	64	48	200001
19	2415	88	96	128	200003
19	2616	104	32	96	220001
19	2776	128	32	96	220000
19	2646	-55	338	416	69900

#type	x	y	width	height	idSprite

#type	x	y	width	height	amount	begin mid end
7	167	144	16	16	3	210000	210000	210000
7	679	128	16	16	6	210000	210000	210000
7	1047	128	16	16	2	210000	210000	210000
7	1191	144	16	16	3	210000	210000	210000
7	1735	144	16	16	3	210000	210000	210000
#Background
7	119	16	16	16	4	66001	66002	66003
7	119	32	16	16	4	66004	66005	66006

7	327	0	16	16	3	66001	66002	66003
7	327	16	16	16	3	66004	66005	66006

7	647	16	16	16	3	66001	66002	66003
7	647	32	16	16	3	66004	66005	66006

7	727	48	16	16	5	66001	66002	66003
7	727	64	16	16	5	66004	66005	66006

7	1175	16	16	16	3	66001	66002	66003
7	1175	32	16	16	3	66004	66005	66006

7	1655	16	16	16	5	66001	66002	66003
7	1655	32	16	16	5	66004	66005	66006

#Box color
#type	x	y	width	height	
6	264	128	48	48	70000	0
6	300	112	56	80	70001	8
6	439	128	80	48	71000	0
6	563	136	104	32	71001	8
6	495	112	64	80	71002	0
6	547	96	72	112	71003	8


6	1319	136	112	32	72000	0
6	1351	120	112	64	72001	0
6	1387	104	120	96	72002	8
6	1347	-100	72	40	73000	8
6	2167	128	48	48	74000	0
6	2203	80	56	144	74001	8


#coin
#4	1080	64	1
4	1112	32	1
4	1144	0	1
4	1176	-32	1
4	1208	-64	1
4	1336	-176	1
4	1352	-176	1
4	1368	-176	1
4	1480	-144	1
4	1496	-144	1
4	1544	-128	1
4	1560	-128	1
4	1576	-128	1
4	1592	-128	1
4	1624	-144	1
4	1640	-144	1
4	1656	-144	1
4	1672	-144	1
4	1704	-120	1
4	1735	-144	1
4	1768	-128	1
4	1816	-160	1
4	1848	-128	1


#Obj background end

#BRICK
1	1958	144
1	1974	144
1	1990	144
1	2006	144
1	2022	144
1	2038	144
1	2054	144

1	1974	128
1	1990	128
1	2006	128
1	2022	128
1	2038	128


1	1990	112
1	2006	112
1	2022	112
26	2038	112


1	2102	144
1	2118	144

13	2102	100	0
1	2102	128








#Platform
#type	x	y	width	height	amount	begin mid end
5 	8	160	16	15	39	60000	61000	62000
5 	632	160	16	15	29	63000	64000	65000
5 	632	144	16	15	29	60000	61000	62000
5 	1160	160	16	15	22	60000	61000	62000
5 	1544	160	16	15	5	60000	61000	62000
5 	1672	160	16	15	36	60000	61000	62000
5 	2264	160	16	15	35	60000	61000	62000

#Giftbox
8	183	96	0
8	199	96	0
8	231	48	0
8	247	48	1
8	663	128	1
8	711	96	0
8	423	64	0 
8	1479	112	1
#Red Flower
10	368	120	16	32	0

#Pipe
9	368	112	29	16	90001	0
9	368	136	29	31	90002	0

23	1807	132	16	24	1000
9	1807	128	29	16	90001	0
9	1807	144	29	31	90003	0

10	1872	120	16	32	20000
9	1872	112	29	16	90001	0
9	1872	136	29	31	90002	0

9	2264	63	16	16	20002	0
9	2280	63	16	16	20002	0

9	2264	112	16	16	20002	0
9	2280	112	16	16	20002	0
9	2272	136	29	16	90002	0

9	2336	128	29	16	90001	0
9	2336	144	29	31	90003	0

9	2272	-75	29	16	90001	0
25 	2272	39	30	30	4	90002	90002	90002



#Brick
9	1512	95	16	16	20002	0
9	1528	95	16	16	20002	0

9	1576	144	16	16	20002	0

9	1592	128	16	16	20002	0
9	1592	144	16	16	20002	0

9	1608	112	16	16	20002	0
9	1608	128	16	16	20002	0
9	1608	144	16	16	20002	0

9	1672	112	16	16	20002	0
9	1672	128	16	16	20002	0
9	1672	144	16	16	20002	0

9	1688	128	16	16	20002	0
9	1688	144	16	16	20002	0

9	1704	144	16	16	20002	0





#Goomba
2	236	120
2	620	120

#Koopa
13	560	100	0

#Open Spawner
51	800	50
2	1000	50
2	1032	50
14 	1066	50	0
52	0	0
#Close Spawner

#Open Spawner
51	1190	50
18	1350	40	1000
13	1440	50	1000
52	0	0
#Close Spawner

#Open Spawner
51	1205	50
18	1390	40	1000
52	0	0
#Close Spawner


#Open Spawner
51	1220	50
18	1440	40	1000
52	0	0
#Close Spawner



#CLOUD 
#CLOUD 
24	1415	-64	16	16	4	241000	241000	241000
24	1495	-80	16	16	13	241000	241000	241000



#ENDPOINT
29	2696	80

